0 0.243577 0.213371 0.007103 0.014225
0 0.362910 0.070413 0.012786 0.009957
0 0.434651 0.093883 0.011365 0.014225
0 0.474429 0.056899 0.011365 0.011380
0 0.531254 0.064723 0.025571 0.015647
0 0.685392 0.115220 0.021309 0.022760
0 0.593761 0.247511 0.019889 0.028450
0 0.591630 0.304410 0.012786 0.017070
0 0.801173 0.279516 0.011365 0.018492
0 0.845212 0.415363 0.011365 0.014225
0 0.733693 0.418208 0.009944 0.014225
0 0.664082 0.425320 0.032674 0.025605
0 0.641352 0.467283 0.018468 0.018492
0 0.387771 0.360597 0.017048 0.021337
0 0.539778 0.373400 0.014206 0.015647
0 0.369302 0.406828 0.042619 0.005690
0 0.365751 0.374822 0.015627 0.012802
0 0.098673 0.334993 0.018468 0.018492
0 0.144133 0.396871 0.021309 0.025605
0 0.183201 0.443101 0.014206 0.021337
0 0.107907 0.426743 0.017048 0.017070
0 0.043979 0.482219 0.014206 0.017070
0 0.063868 0.510669 0.017048 0.014225
0 0.412632 0.484353 0.015627 0.001422
0 0.433941 0.464438 0.012786 0.018492
0 0.414052 0.471550 0.021309 0.024182
0 0.504262 0.544097 0.019889 0.052632
0 0.442465 0.514936 0.018468 0.019915
0 0.060316 0.574680 0.012786 0.011380
0 0.109328 0.610242 0.028413 0.034139
0 0.073812 0.659317 0.011365 0.015647
0 0.320291 0.561166 0.015627 0.015647
0 0.282644 0.610242 0.017048 0.019915
0 0.374985 0.600284 0.048301 0.000000
0 0.385640 0.608108 0.018468 0.021337
0 0.464484 0.581792 0.022730 0.019915
0 0.438203 0.555477 0.018468 0.018492
0 0.751451 0.566856 0.017048 0.024182
0 0.627146 0.566856 0.018468 0.021337
0 0.697467 0.647937 0.014206 0.015647
0 0.748609 0.600284 0.019889 0.022760
0 0.780574 0.596728 0.012786 0.012802
0 0.793359 0.785917 0.018468 0.035562
0 0.751451 0.790896 0.022730 0.031294
0 0.702439 0.731863 0.018468 0.024182
0 0.716645 0.827881 0.009944 0.017070
0 0.641352 0.881223 0.018468 0.021337
0 0.610098 0.913229 0.015627 0.025605
0 0.605837 0.820768 0.024151 0.031294
0 0.616491 0.757468 0.019889 0.021337
0 0.544750 0.749644 0.018468 0.025605
0 0.559666 0.793741 0.022730 0.025605
0 0.538357 0.813656 0.025571 0.028450
0 0.580265 0.696302 0.024151 0.024182
0 0.610809 0.692745 0.000000 0.002845
0 0.602995 0.684211 0.026992 0.022760
0 0.446016 0.697724 0.014206 0.021337
0 0.414762 0.754623 0.011365 0.015647
0 0.355096 0.742532 0.019889 0.019915
0 0.291878 0.817212 0.015627 0.018492
0 0.218006 0.807255 0.018468 0.021337
0 0.239315 0.828592 0.024151 0.027027