0 0.384219 0.223329 0.021309 0.025605
0 0.136320 0.310100 0.022730 0.022760
0 0.310347 0.383357 0.032674 0.029872
0 0.687523 0.207681 0.014206 0.022760
0 0.596603 0.423898 0.022730 0.025605
0 0.475849 0.478663 0.025571 0.027027
0 0.230081 0.570413 0.019889 0.022760
0 0.289037 0.736842 0.026992 0.025605
0 0.460933 0.649360 0.024151 0.018492
0 0.532674 0.823613 0.025571 0.025605
0 0.628567 0.697013 0.018468 0.019915
0 0.606547 0.571835 0.025571 0.025605
0 0.645614 0.513514 0.021309 0.019915
0 0.697467 0.437411 0.019889 0.024182
0 0.674027 0.480797 0.021309 0.019915
0 0.759974 0.600996 0.014206 0.027027
0 0.808276 0.668563 0.022730 0.017070
0 0.883569 0.564723 0.022730 0.025605
0 0.914112 0.568279 0.024151 0.024182
0 0.710253 0.645804 0.025571 0.022760
0 0.656979 0.604552 0.018468 0.025605