0 0.078074 0.496444 0.017048 0.017070
0 0.052503 0.449502 0.025571 0.025605
0 0.095832 0.641536 0.026992 0.022760
0 0.294009 0.730441 0.014206 0.015647
0 0.280513 0.818634 0.024151 0.027027
0 0.316739 0.898293 0.025571 0.021337
0 0.388481 0.928876 0.018468 0.017070
0 0.451699 0.776671 0.031254 0.017070
0 0.534805 0.735420 0.018468 0.022760
0 0.406239 0.623044 0.014206 0.017070
0 0.418314 0.532006 0.021309 0.019915
0 0.460933 0.552632 0.041198 0.032717
0 0.431100 0.460882 0.026992 0.025605
0 0.544039 0.435277 0.036936 0.028450
0 0.598733 0.352774 0.029833 0.034139
0 0.594472 0.219061 0.015627 0.036984
0 0.603706 0.275960 0.036936 0.034139
0 0.657689 0.331437 0.034095 0.042674
0 0.811117 0.197724 0.028413 0.034139
0 0.843791 0.394026 0.031254 0.022760
0 0.637801 0.467994 0.022730 0.022760
0 0.857287 0.663585 0.024151 0.024182
0 0.833137 0.792319 0.024151 0.022760
0 0.781284 0.746088 0.014206 0.021337
0 0.742927 0.639403 0.022730 0.035562
0 0.577424 0.896159 0.018468 0.019915
0 0.560377 0.871266 0.021309 0.024182
0 0.642773 0.847084 0.029833 0.029872
0 0.670475 0.773826 0.017048 0.014225
0 0.659110 0.748933 0.022730 0.018492
0 0.674737 0.701280 0.025571 0.019915
0 0.688943 0.684922 0.031254 0.035562
0 0.732983 0.688478 0.039778 0.019915
0 0.627856 0.639403 0.022730 0.018492
0 0.603706 0.621622 0.017048 0.022760
0 0.624305 0.564723 0.058246 0.048364
0 0.638511 0.523471 0.055404 0.028450